mi_p050 mf_p050 mi_p025 mf_p025 mi_z000 mf_z000 mi_m025 mf_m025 mi_m050 mf_m050 mi_m075 mf_m075 mi_m100 mf_m100 mi_m125 mf_m125 mi_m150 mf_m150 mi_m175 mf_m175 mi_m200 mf_m200 mi_m250 mf_m250 mi_m300 mf_m300 mi_m350 mf_m350 mi_m400 mf_m400
0.8 0.5191 0.7 0.5109 0.7 0.5146 0.7 0.5187 0.7 0.5223 0.7 0.5231 0.7 0.525 0.7 0.5264 0.7 0.5249 0.7 0.5265 0.7 0.5269 2.2 0.6996 2.3 0.7182 1.4 0.5477 1.0 0.522
0.9 0.5298 0.8 0.5201 0.8 0.5233 0.8 0.529 0.8 0.5328 0.8 0.5355 0.8 0.5381 0.8 0.5415 0.8 0.5395 0.8 0.538 0.9 0.5521 2.3 0.7177 2.4 0.7355 1.6 0.5932 1.3 0.5311
1.1 0.5446 0.9 0.5292 0.9 0.5327 0.9 0.5364 0.9 0.5385 0.9 0.5416 0.9 0.547 0.9 0.551 0.9 0.5522 0.9 0.55 1.0 0.5522 2.4 0.7325 2.5 0.9095 2.0 0.671 1.5 0.5763
1.2 0.5483 1.0 0.5359 1.0 0.5398 1.0 0.5442 1.0 0.5478 1.0 0.5527 1.0 0.557 1.0 0.5451 1.0 0.5621 1.0 0.5526 1.1 0.5703 2.5 0.9163 2.6 0.7674 3.0 0.8144 1.6 0.5811
1.3 0.5532 1.1 0.5414 1.1 0.5459 1.1 0.5491 1.1 0.5538 1.1 0.5582 1.1 0.5629 1.1 0.5647 1.1 0.5714 1.1 0.5668 1.2 0.575 2.6 0.7739 2.7 0.7809 3.2 0.8382 1.8 0.6356
1.4 0.5575 1.2 0.5464 1.2 0.5505 1.2 0.5552 1.2 0.5606 1.2 0.5655 1.2 0.5702 1.2 0.5751 1.2 0.5807 1.2 0.5784 1.3 0.5761 2.8 0.8007 2.8 0.9737 3.6 0.8763 2.0 0.6766
1.5 0.5622 1.3 0.5502 1.3 0.5558 1.3 0.5611 1.3 0.5672 1.3 0.5722 1.3 0.5758 1.3 0.5827 1.3 0.5854 1.3 0.5851 1.4 0.5938 3.0 1.0242 3.0 0.8214 3.8 0.894 2.1 0.7026
1.6 0.5653 1.4 0.5567 1.4 0.5616 1.4 0.567 1.4 0.5725 1.4 0.5787 1.4 0.5848 1.4 0.5897 1.4 0.594 1.4 0.5945 1.5 0.6025 3.2 0.8542 3.2 0.8422 4.0 0.9116 2.6 0.7796
1.7 0.5697 1.5 0.5626 1.5 0.5667 1.5 0.5727 1.5 0.5783 1.5 0.5847 1.5 0.5913 1.5 0.5974 1.5 0.6019 1.5 0.6029 1.6 0.6126 3.4 0.8713 3.4 0.8655 4.2 1.1147 2.7 0.7902
1.8 0.5728 1.6 0.5672 1.6 0.5723 1.6 0.5784 1.6 0.584 1.6 0.589 1.6 0.598 1.6 0.6042 1.6 0.6133 1.6 0.6164 2.0 0.6569 3.6 0.8879 3.6 0.8795 4.4 0.9262 3.4 0.8557
1.9 0.5756 1.7 0.5713 1.7 0.577 1.7 0.5827 1.7 0.5883 1.7 0.5952 1.7 0.6025 1.7 0.6132 1.7 0.6227 1.7 0.6262 2.1 0.6755 3.8 1.1054 3.8 0.898 4.6 0.9425 3.6 0.8743
2.0 0.5794 1.8 0.5744 1.8 0.5798 1.8 0.5865 1.8 0.593 1.8 0.5975 1.8 0.6057 1.9 0.6179 1.8 0.6293 1.8 0.6332 2.2 0.6986 4.0 0.9158 4.0 0.9162 4.8 0.9681 3.8 1.0953
2.1 0.5847 1.9 0.5794 1.9 0.5843 1.9 0.5896 1.9 0.5944 1.9 0.5975 1.9 0.6043 2.0 0.6288 1.9 0.6344 1.9 0.7656 2.3 0.7106 4.2 0.9339 4.2 0.9385 5.0 0.9867 4.0 0.9003
2.2 0.59 2.0 0.5838 2.0 0.5891 2.0 0.5928 2.0 0.5966 2.0 0.6023 2.0 0.6134 2.1 0.6448 2.0 0.6426 2.0 0.6509 2.4 0.7376 4.4 1.1166 4.4 1.132 5.2 1.0157 4.2 0.9181
2.3 0.5957 2.1 0.5882 2.1 0.5933 2.1 0.5982 2.1 0.603 2.1 0.611 2.1 0.6249 2.2 0.6619 2.1 0.6585 2.1 0.666 2.5 0.7582 4.6 0.958 4.6 0.9513 5.4 1.0363 4.4 1.0916
2.4 0.6015 2.2 0.5937 2.2 0.5988 2.2 0.6042 2.2 0.6098 2.2 0.622 2.2 0.6433 2.3 0.6832 2.2 0.6778 2.2 0.6887 2.6 0.7774 4.8 0.9872 4.8 0.9743 5.6 1.0603 4.6 0.9278
2.5 0.6081 2.3 0.5999 2.3 0.6041 2.4 0.6146 2.3 0.6168 2.3 0.6352 2.3 0.6622 2.4 0.7049 2.3 0.6992 2.3 0.7077 2.7 0.7969 5.0 1.0038 5.0 0.9946 5.8 1.0813 4.8 0.9566
2.6 0.6145 2.4 0.6056 2.4 0.6103 2.5 0.624 2.4 0.6263 2.4 0.6513 2.4 0.6825 2.5 0.7301 2.4 0.8536 2.4 0.7275 2.8 0.8116 5.2 1.2449 5.2 1.014 6.0 1.1365 5.0 0.9761
2.7 0.7152 2.5 0.6116 2.5 0.6163 2.6 0.6323 2.5 0.6378 2.5 0.6741 2.5 0.7047 2.6 0.7568 2.5 0.7495 2.5 0.757 3.0 0.8316 5.4 1.0587 5.4 1.0447 6.2 1.4354 5.2 0.9961
2.8 0.7385 2.6 0.6173 2.6 0.6227 2.7 0.6425 2.6 0.6542 2.6 0.6954 2.6 0.729 2.7 0.7784 2.6 0.7704 2.6 0.776 3.2 0.8543 5.6 1.0774 5.6 1.0734 6.4 1.479 5.4 1.014
3.0 0.7667 2.7 0.6231 2.7 0.6291 2.8 0.6545 2.7 0.6751 2.7 0.7168 2.7 0.7543 2.8 0.7971 2.7 0.7894 2.7 0.7919 3.4 0.8719 5.8 1.3656 5.8 1.1118 6.6 1.4837 5.6 1.0445
3.2 0.819 2.8 0.631 2.8 0.6371 3.0 0.6883 2.8 0.6945 2.8 0.7427 2.8 0.7758 3.0 0.8242 2.8 0.8103 2.8 0.8118 3.6 0.8866 6.0 1.4432 6.0 1.1524 0.0 0.0 5.8 1.0756
3.4 0.8556 3.0 0.648 3.0 0.6592 3.2 0.7324 3.0 0.7416 3.0 0.7888 3.0 0.814 3.2 0.844 3.0 0.8308 3.0 0.8312 3.8 0.9045 6.2 1.1893 6.2 1.1743 0.0 0.0 6.0 1.1051
3.6 0.8958 3.2 0.6709 3.2 0.6891 3.4 0.7743 3.2 0.7867 3.2 1.0042 3.2 0.8337 3.4 0.8605 3.2 0.8505 3.2 0.851 4.0 0.9173 6.4 1.4776 6.4 1.4741 0.0 0.0 6.2 1.1148
3.8 0.9327 3.4 0.8311 3.4 0.724 3.6 0.8127 3.4 0.8198 3.4 0.8381 3.4 0.8545 3.6 0.8779 3.4 0.8673 3.4 0.8712 4.2 0.9228 0.0 0.0 0.0 0.0 0.0 0.0 6.4 1.4323
4.2 0.8014 3.6 0.8932 3.6 0.7613 3.8 0.8326 3.6 0.8372 3.6 0.857 3.6 0.8701 3.8 0.8939 3.6 0.8839 3.6 0.8881 4.4 0.9427 0.0 0.0 0.0 0.0 0.0 0.0 6.6 1.4881
4.4 1.0069 3.8 0.9342 3.8 0.7974 4.0 0.8517 3.8 0.8554 3.8 0.8722 3.8 0.8833 4.0 0.908 3.8 0.9004 3.8 0.8994 4.6 0.9696 0.0 0.0 0.0 0.0 0.0 0.0 6.8 1.5457
4.6 1.0194 4.0 0.9741 4.0 0.8198 4.2 0.8651 4.0 0.8696 4.0 0.8869 4.0 0.8988 4.2 0.9229 4.0 0.9142 4.0 0.9156 4.8 0.9787 0.0 0.0 0.0 0.0 0.0 0.0 0.0 0.0
4.8 1.0373 4.2 0.8093 4.2 1.0316 4.4 0.8774 4.2 0.8829 4.2 0.9029 4.2 0.914 4.4 0.9408 4.2 0.9313 4.2 0.9358 5.0 1.0071 0.0 0.0 0.0 0.0 0.0 0.0 0.0 0.0
5.0 1.0494 4.4 1.0203 4.4 1.0551 4.6 1.1054 4.4 0.8985 4.4 0.9202 4.4 0.9334 4.6 0.9502 4.4 0.9367 4.4 0.9418 5.2 1.0237 0.0 0.0 0.0 0.0 0.0 0.0 0.0 0.0
5.2 0.8649 4.6 0.8397 4.6 0.8681 4.8 0.9087 4.6 0.9141 4.6 0.9416 4.6 0.9394 4.8 0.9748 4.6 1.1432 4.6 1.1569 5.4 1.0484 0.0 0.0 0.0 0.0 0.0 0.0 0.0 0.0
5.4 0.8743 4.8 1.0513 4.8 0.8807 5.0 0.9264 4.8 0.93 4.8 0.9372 4.8 0.9555 5.0 0.9893 4.8 0.984 4.8 0.9797 5.6 1.074 0.0 0.0 0.0 0.0 0.0 0.0 0.0 0.0
5.6 1.0903 5.0 1.0729 5.0 0.8979 5.2 0.9382 5.0 0.9454 5.0 0.9619 5.0 0.9762 5.2 1.0113 5.0 0.9972 5.0 1.0008 5.8 1.3464 0.0 0.0 0.0 0.0 0.0 0.0 0.0 0.0
5.8 0.8961 5.2 1.0944 5.2 0.9128 6.2 1.2856 5.2 0.9498 5.2 0.9875 5.2 1.006 5.4 1.0317 5.2 1.0191 5.2 1.0256 6.0 1.1627 0.0 0.0 0.0 0.0 0.0 0.0 0.0 0.0
6.0 1.1223 5.4 0.894 5.4 0.9288 6.4 1.061 5.4 0.9716 5.4 0.9986 5.4 1.0184 5.6 1.0622 5.4 1.0392 5.4 1.0528 0.0 0.0 0.0 0.0 0.0 0.0 0.0 0.0 0.0 0.0
6.2 1.1447 5.6 1.1198 5.6 0.9439 6.6 1.3335 5.6 0.9881 5.6 1.0195 5.6 1.0445 5.8 1.083 5.6 1.0686 5.6 1.0823 0.0 0.0 0.0 0.0 0.0 0.0 0.0 0.0 0.0 0.0
6.4 1.1659 5.8 0.9233 6.0 1.2033 6.8 1.1381 5.8 1.0118 5.8 1.0602 5.8 1.0689 6.0 1.1509 5.8 1.1076 5.8 1.1084 0.0 0.0 0.0 0.0 0.0 0.0 0.0 0.0 0.0 0.0
6.6 0.954 6.0 0.9349 6.2 0.9974 7.0 1.1503 6.0 1.0359 6.0 1.073 6.0 1.1098 6.2 1.421 6.0 1.157 6.0 1.1563 0.0 0.0 0.0 0.0 0.0 0.0 0.0 0.0 0.0 0.0
6.8 0.9723 6.2 1.1689 6.4 1.0241 0.0 0.0 6.2 1.0678 6.2 1.1257 6.2 1.1548 0.0 0.0 6.2 1.4312 0.0 0.0 0.0 0.0 0.0 0.0 0.0 0.0 0.0 0.0 0.0 0.0
7.0 0.9886 6.4 0.9712 6.6 1.2786 0.0 0.0 6.4 1.1019 0.0 0.0 0.0 0.0 0.0 0.0 0.0 0.0 0.0 0.0 0.0 0.0 0.0 0.0 0.0 0.0 0.0 0.0 0.0 0.0
7.2 1.2478 6.6 1.2238 6.8 1.06 0.0 0.0 6.6 1.1516 0.0 0.0 0.0 0.0 0.0 0.0 0.0 0.0 0.0 0.0 0.0 0.0 0.0 0.0 0.0 0.0 0.0 0.0 0.0 0.0
7.4 1.026 6.8 1.2507 7.2 1.1333 0.0 0.0 0.0 0.0 0.0 0.0 0.0 0.0 0.0 0.0 0.0 0.0 0.0 0.0 0.0 0.0 0.0 0.0 0.0 0.0 0.0 0.0 0.0 0.0
0.0 0.0 7.0 1.0296 7.4 1.25 0.0 0.0 0.0 0.0 0.0 0.0 0.0 0.0 0.0 0.0 0.0 0.0 0.0 0.0 0.0 0.0 0.0 0.0 0.0 0.0 0.0 0.0 0.0 0.0
0.0 0.0 7.2 1.3035 0.0 0.0 0.0 0.0 0.0 0.0 0.0 0.0 0.0 0.0 0.0 0.0 0.0 0.0 0.0 0.0 0.0 0.0 0.0 0.0 0.0 0.0 0.0 0.0 0.0 0.0
0.0 0.0 7.4 1.074 0.0 0.0 0.0 0.0 0.0 0.0 0.0 0.0 0.0 0.0 0.0 0.0 0.0 0.0 0.0 0.0 0.0 0.0 0.0 0.0 0.0 0.0 0.0 0.0 0.0 0.0
